0 281 79
0 624 0
1 780 19
3 977 38
4 303 20
4 796 53
4 860 32
5 344 27
5 667 70
5 812 25
6 251 48
6 724 0
7 698 71
8 103 59
8 577 26
8 914 17
9 66 0
9 432 95
9 830 59
12 67 53
12 182 28
12 770 75
13 617 40
13 806 4
14 309 78
14 530 17
14 963 27
15 294 46
15 797 44
16 25 28
16 569 58
16 919 12
17 231 51
17 379 97
18 980 89
19 227 0
19 384 0
19 825 77
19 920 2
20 657 37
21 7 67
21 756 45
21 773 30
22 208 46
22 219 45
22 641 90
23 744 20
24 31 41
24 423 2
24 887 52
25 102 8
25 310 85
25 761 91
26 394 47
26 846 2
27 312 94
27 648 101
28 240 59
28 334 27
28 963 86
29 261 85
30 122 12
30 467 0
31 706 6
32 368 61
32 395 21
34 755 30
35 281 32
35 459 48
35 685 47
36 224 96
36 424 45
36 587 84
36 632 90
37 30 51
37 122 5
37 359 32
39 338 0
39 862 82
40 10 22
40 50 69
40 144 55
40 893 84
41 223 99
41 859 17
43 391 101
43 418 0
43 994 0
44 481 101
44 879 42
45 847 35
46 209 25
46 583 13
46 606 56
47 25 90
47 613 103
48 523 46
48 724 44
49 572 5
50 511 69
50 645 38
51 817 7
53 405 36
54 556 77
54 769 80
55 79 69
55 110 89
55 412 5
55 476 40
56 977 19
57 9 44
57 363 88
57 789 0
57 961 0
58 11 0
58 93 0
58 760 91
59 93 90
61 75 37
61 146 49
61 192 91
62 899 29
63 147 53
63 537 16
63 600 27
63 691 45
63 808 11
63 873 0
64 6 75
64 326 85
64 583 0
64 794 46
64 855 31
65 513 90
66 242 0
66 701 53
66 918 41
67 741 7
68 772 81
69 563 75
69 756 54
71 125 86
72 772 69
72 786 64
73 205 38
73 723 10
73 974 40
74 855 88
74 955 83
75 97 23
75 178 89
75 393 21
75 893 59
76 65 30
76 178 82
76 252 96
76 373 84
76 781 71
76 825 1
76 896 38
76 953 91
77 167 47
77 829 13
79 597 28
80 274 65
80 342 5
80 873 71
80 878 0
81 217 0
82 95 79
82 221 14
82 843 39
83 349 8
83 976 97
85 119 53
85 440 93
86 109 0
86 823 56
87 305 67
87 443 36
87 870 45
88 115 73
88 337 67
88 388 60
88 947 96
89 422 0
90 25 0
90 161 13
90 299 4
91 127 4
91 252 0
91 781 19
92 434 9
94 43 0
94 384 61
94 783 67
94 846 45
96 359 19
97 67 32
97 169 77
98 116 81
98 391 44
99 276 12
99 534 75
99 773 32
100 130 57
100 468 6
100 707 77
100 900 16
101 531 98
101 586 0
101 812 95
102 13 90
102 369 6
102 612 1
102 626 84
103 751 86
104 710 19
104 886 72
105 367 77
105 774 55
105 828 30
106 388 15
106 984 68
107 120 89
108 351 93
109 168 0
109 913 55
111 80 51
111 287 37
112 270 0
112 762 84
113 143 32
113 406 85
113 694 36
113 781 83
115 606 61
117 203 40
118 815 44
119 752 45
120 877 104
121 366 20
122 377 11
122 386 0
122 554 44
122 746 69
123 44 70
123 520 19
123 548 0
123 678 10
124 24 89
124 575 6
124 589 64
124 986 13
125 311 97
125 616 51
125 638 12
126 249 54
126 929 65
127 123 52
127 580 12
127 980 63
128 167 36
129 25 4
129 367 39
129 528 31
130 480 74
130 981 101
131 812 87
131 966 25
132 190 77
132 266 0
132 664 94
134 73 66
134 132 48
134 575 7
135 276 56
136 478 11
136 753 21
137 5 65
137 205 73
137 281 92
137 916 68
138 927 23
140 76 87
140 471 36
140 748 60
142 639 92
143 24 46
144 68 24
145 831 58
146 101 55
146 345 31
147 313 51
147 786 66
148 821 58
149 77 91
149 195 69
149 471 29
149 678 65
149 777 34
149 786 10
150 37 73
150 487 17
150 572 35
151 51 93
151 301 45
151 744 16
152 132 42
153 170 17
153 208 76
153 918 13
154 258 63
155 178 6
155 709 26
156 166 46
156 240 85
157 473 76
160 5 84
160 59 9
160 694 62
161 695 81
162 5 2
162 304 95
162 738 94
163 6 62
164 950 8
167 964 105
168 2 18
168 71 48
168 635 13
168 820 45
168 876 60
169 65 75
169 487 16
169 528 90
170 160 69
170 228 0
171 809 56
171 840 49
172 373 62
172 565 5
172 609 5
173 46 61
174 56 0
174 90 57
174 235 28
174 432 86
174 655 34
174 964 45
174 991 0
175 33 43
175 55 78
175 691 74
176 671 94
176 905 37
177 638 29
181 89 6
181 103 21
181 721 96
181 933 89
182 68 55
182 276 52
182 720 7
183 8 10
183 68 53
184 241 52
184 305 89
185 386 23
186 744 0
186 786 0
186 914 79
187 531 86
188 683 89
189 368 69
189 516 87
189 726 38
190 185 83
190 752 0
193 581 15
193 988 51
194 610 84
194 671 44
195 173 5
195 254 34
195 718 3
196 315 106
196 613 0
197 241 0
197 803 81
198 513 42
199 165 42
199 569 15
199 977 0
200 300 7
200 581 78
200 907 0
201 607 55
201 661 99
202 179 93
202 375 69
202 729 4
202 795 92
203 38 19
203 185 76
204 644 64
205 445 65
205 725 99
206 685 69
206 959 0
208 489 80
209 246 33
210 122 0
210 635 47
210 812 65
211 107 65
211 254 57
211 587 25
212 485 66
212 524 92
212 902 26
212 942 64
212 973 24
212 985 84
213 39 5
213 777 64
213 832 49
214 580 95
214 784 55
215 226 40
215 239 73
215 650 0
215 729 66
215 812 19
215 912 79
216 655 10
217 390 17
218 375 7
218 546 74
218 782 42
219 234 82
219 910 64
220 60 61
221 458 0
221 855 93
221 965 98
221 990 98
222 751 0
223 199 59
224 538 20
225 424 71
225 940 24
226 855 20
228 77 29
228 484 0
228 617 20
229 590 66
229 712 93
230 174 0
230 435 61
232 291 55
232 910 0
233 86 74
233 601 51
235 97 0
235 776 89
236 62 77
236 737 29
236 923 99
238 184 0
239 580 44
239 899 0
239 914 36
240 565 43
240 769 69
240 835 11
240 965 93
241 163 0
241 859 0
242 409 0
243 454 84
243 608 99
243 937 107
244 189 30
244 525 52
244 997 68
245 620 7
246 847 23
247 106 82
248 381 28
249 82 68
251 368 33
252 26 87
252 840 41
253 76 45
254 419 13
254 761 32
255 2 86
255 102 85
255 669 51
256 370 51
256 744 12
257 211 44
257 446 43
258 349 42
258 501 27
258 720 95
258 979 34
259 66 76
259 526 89
260 518 79
260 911 70
261 227 11
262 168 72
262 389 44
262 434 48
264 273 12
264 450 93
265 752 50
265 793 76
266 182 45
266 202 0
266 321 42
266 727 15
267 694 0
268 72 32
269 261 77
269 268 58
269 447 43
269 599 10
269 725 41
270 372 77
272 526 54
272 835 0
273 125 96
274 373 11
274 658 37
274 792 27
275 195 4
275 565 65
276 485 65
276 614 9
277 190 28
277 664 0
278 337 4
278 826 51
279 529 42
279 627 0
279 808 98
280 231 79
280 472 73
281 249 58
281 766 30
281 921 99
282 378 32
282 803 0
283 133 59
283 597 17
283 982 93
284 884 16
285 62 20
285 321 17
286 338 77
286 457 17
286 672 93
287 259 0
287 450 45
287 590 42
287 810 70
288 190 66
288 891 90
289 151 0
289 579 9
291 392 0
291 404 41
291 468 57
292 105 73
292 264 93
293 682 70
294 66 60
294 148 49
294 264 33
294 319 46
294 330 42
294 481 0
295 94 14
295 964 32
296 210 17
297 31 63
297 580 74
298 337 19
298 880 35
298 912 92
299 309 76
299 691 25
300 47 84
300 233 90
300 237 48
300 365 68
300 394 57
300 823 49
301 622 0
301 940 73
302 96 51
302 216 0
303 617 47
304 850 68
304 872 97
305 438 56
305 736 61
305 780 20
306 148 25
306 485 49
307 48 68
308 48 51
308 376 9
308 467 71
309 814 36
310 180 9
310 377 31
310 576 2
312 83 37
312 305 50
312 482 29
312 548 76
312 680 91
312 835 66
314 431 67
314 624 46
314 683 6
314 811 49
314 885 46
315 327 33
315 678 31
316 241 2
317 244 112
317 257 39
317 688 15
317 877 52
318 90 90
318 193 29
318 273 27
319 415 28
319 446 11
319 517 89
319 839 74
320 466 0
320 500 67
321 393 25
322 999 7
323 15 6
323 78 98
323 435 44
323 491 73
324 17 72
324 366 30
325 50 9
325 464 71
325 854 39
325 872 0
326 31 13
326 89 20
326 892 0
327 7 90
327 21 74
327 213 0
327 756 98
327 832 44
328 646 19
329 598 5
331 27 26
331 716 44
331 777 67
331 834 0
331 986 91
331 988 94
333 871 0
336 181 47
336 335 24
337 709 96
337 754 0
337 904 97
337 908 91
338 645 65
338 719 96
339 112 9
339 352 77
339 601 36
341 956 74
342 119 73
342 523 23
342 543 14
342 581 58
342 696 37
343 366 0
343 827 60
344 722 0
344 969 96
345 374 78
345 527 45
346 3 11
346 237 35
346 706 39
346 731 35
347 67 90
347 236 99
347 629 67
348 2 41
348 21 27
349 212 80
349 411 18
349 551 43
349 552 51
350 180 1
350 548 43
351 276 57
351 558 0
351 711 16
352 373 13
352 829 78
354 14 43
354 152 76
354 180 6
355 36 46
356 383 81
356 518 10
357 704 0
357 985 37
358 161 65
358 643 52
358 652 0
358 660 80
359 339 50
359 600 57
359 939 53
360 542 9
360 572 3
360 584 17
360 598 64
360 857 44
360 996 7
362 50 37
362 137 0
362 402 66
364 78 56
364 189 36
364 263 71
365 102 62
365 452 44
365 580 23
366 35 75
366 42 65
367 45 15
367 259 0
367 264 40
367 747 14
367 760 29
368 14 27
368 585 0
368 818 97
368 890 85
369 101 41
370 59 38
370 82 0
371 733 38
372 356 69
372 402 13
373 992 11
374 6 77
374 663 49
374 739 89
374 994 56
375 660 31
375 700 78
375 869 0
376 810 78
376 844 46
377 174 55
378 520 91
378 814 14
379 57 66
380 484 58
380 899 45
381 173 35
381 293 22
381 537 19
382 28 13
382 559 54
383 822 12
383 877 16
385 107 0
386 278 47
386 792 27
387 432 56
387 919 29
388 938 0
388 980 99
389 335 53
389 814 97
390 815 51
391 548 30
392 530 51
392 615 0
393 877 17
393 887 0
394 34 13
394 100 40
394 222 17
394 535 70
394 607 59
394 738 0
396 5 13
396 300 70
396 358 59
396 412 68
396 510 16
396 681 91
396 937 5
397 258 38
398 347 25
398 768 40
399 321 35
399 488 0
400 406 68
400 491 65
400 959 50
401 835 41
402 323 70
404 749 89
404 796 4
405 821 50
406 172 0
406 942 38
407 375 87
407 799 92
407 802 16
408 320 82
408 599 35
408 851 95
409 79 59
411 348 55
411 752 81
413 56 22
413 520 35
414 271 0
414 533 70
414 902 80
415 424 66
416 816 31
416 941 10
417 428 78
417 762 10
417 774 13
418 714 19
420 40 20
420 157 72
420 651 49
421 400 19
421 783 77
423 237 35
423 357 2
423 435 0
424 57 11
425 964 70
426 703 0
426 707 10
426 886 43
427 478 81
427 935 27
428 102 46
429 18 98
431 466 16
431 499 28
431 749 37
432 110 41
432 591 76
433 584 53
433 648 62
433 694 35
434 309 0
434 405 45
435 744 56
436 435 49
438 89 0
438 99 33
438 194 83
438 634 21
439 70 69
439 113 65
439 295 52
440 53 94
441 808 24
443 379 79
443 813 91
444 405 58
444 823 49
445 257 0
445 717 17
446 70 85
446 753 50
447 359 52
447 557 34
447 806 0
448 392 5
449 57 18
449 795 61
450 703 34
451 440 80
452 247 46
452 835 56
452 850 0
453 246 84
453 312 0
453 815 53
456 219 63
456 459 9
456 937 0
458 230 61
458 244 0
458 502 23
458 826 68
458 888 67
459 733 80
459 751 63
459 987 13
460 177 9
460 331 15
460 437 59
461 38 91
461 327 7
461 989 15
462 904 33
463 633 73
463 650 37
463 695 27
464 998 18
465 427 1
466 160 0
466 573 90
466 675 9
468 525 64
468 569 88
470 507 43
470 869 15
471 255 74
471 263 65
471 971 65
472 99 59
472 208 60
473 385 72
473 569 67
474 566 31
475 261 35
475 833 49
476 900 25
477 10 35
477 84 82
480 415 29
480 504 14
481 161 34
481 177 4
481 964 0
482 10 60
482 24 35
482 648 68
482 856 47
483 430 3
483 514 8
483 917 71
484 600 20
484 751 11
484 836 88
485 9 27
485 725 41
486 163 89
486 246 10
486 803 67
488 199 0
488 587 21
488 779 72
488 989 43
489 533 96
489 669 47
489 768 99
490 115 62
490 138 17
490 322 24
491 548 59
492 172 41
492 267 62
492 279 45
494 18 82
494 492 72
494 692 47
496 3 100
496 432 80
497 287 40
497 535 73
498 752 27
498 997 48
499 525 10
500 75 85
501 126 0
501 152 13
501 497 0
501 590 7
503 428 93
503 499 92
505 278 65
505 373 11
506 281 86
506 439 48
507 388 62
508 155 83
508 856 74
509 177 0
510 446 0
511 744 63
511 850 73
512 109 71
512 669 0
512 783 44
513 26 37
513 149 82
513 169 61
513 257 70
513 784 84
514 160 28
514 305 9
514 531 37
515 234 4
515 302 73
515 754 39
516 118 6
516 126 21
517 107 51
517 312 94
517 391 0
518 546 58
519 406 70
519 552 76
519 787 59
520 562 84
520 616 0
520 819 3
521 327 84
521 499 98
521 807 86
522 359 92
523 6 34
523 211 33
523 685 34
524 76 70
524 917 96
524 924 68
525 616 91
526 3 21
526 628 33
526 963 46
527 644 0
529 82 71
529 869 35
530 7 39
530 266 62
530 434 96
530 734 55
530 908 64
531 274 9
531 550 63
533 129 42
533 304 9
533 837 50
534 917 49
535 680 65
535 759 9
535 846 93
536 378 53
537 984 73
538 42 55
539 991 3
541 743 40
542 277 84
542 385 51
542 909 12
542 982 15
544 50 92
544 99 96
544 463 25
544 728 94
544 765 108
545 301 84
546 12 0
546 446 64
547 566 4
547 836 17
547 949 67
548 440 62
550 267 44
550 358 92
550 451 44
550 831 34
550 977 67
551 1 34
551 972 64
552 664 48
553 112 65
553 251 40
554 169 11
554 405 0
554 507 10
554 816 3
555 418 92
555 752 29
556 627 32
556 969 89
557 150 22
558 125 94
558 745 84
559 472 6
559 722 8
559 735 6
559 915 68
560 729 41
561 263 74
561 813 89
562 386 91
562 515 22
562 665 10
562 734 0
562 937 42
563 130 48
563 307 1
564 42 18
564 376 13
565 113 52
565 181 50
565 613 58
566 294 43
566 313 60
566 437 31
566 648 0
567 223 41
567 362 61
567 427 44
568 623 47
569 231 12
569 327 14
571 55 59
572 5 17
572 690 89
572 784 57
573 150 93
573 233 93
573 298 15
573 372 74
573 969 19
574 60 81
574 650 73
575 76 4
576 32 57
576 638 33
576 711 44
577 87 84
577 227 38
577 315 0
577 612 7
577 816 94
578 62 9
578 157 77
578 201 35
578 252 69
579 707 83
580 605 0
581 3 65
581 155 99
581 395 29
581 888 32
582 533 59
582 784 70
584 327 61
584 676 5
584 819 19
585 504 41
585 547 0
586 263 78
586 366 17
586 671 78
586 985 6
587 179 33
587 420 6
587 434 4
588 891 81
590 457 7
593 233 52
593 610 16
594 67 84
594 309 87
594 872 92
596 412 93
597 289 0
597 558 46
597 650 68
598 729 0
598 754 80
598 966 34
599 75 0
599 388 25
600 139 58
600 855 7
601 266 81
601 460 2
602 371 6
602 638 35
603 79 90
603 344 0
603 829 25
604 103 48
604 128 8
604 140 37
604 934 70
606 495 78
606 942 56
606 982 69
607 448 70
607 468 45
607 496 89
607 649 4
607 707 94
607 828 46
609 74 0
609 671 62
610 258 74
610 604 31
610 914 99
612 634 17
613 765 0
614 171 18
614 652 48
614 701 0
614 766 36
615 497 93
615 644 83
615 767 55
616 649 78
616 674 1
617 506 71
618 46 0
618 844 0
618 902 38
619 249 23
619 408 58
619 496 83
619 571 31
619 866 63
619 894 7
622 124 42
622 771 0
622 822 2
623 204 1
623 463 57
623 607 47
623 661 78
623 709 56
624 263 5
624 312 77
624 441 74
624 877 0
625 7 66
625 242 97
625 942 22
626 146 80
626 225 99
626 682 98
627 3 8
627 378 86
627 535 78
628 57 72
628 547 25
629 711 85
630 110 15
630 442 66
630 596 21
631 38 28
631 173 90
631 905 94
632 133 84
633 303 37
633 776 75
634 689 83
634 875 16
635 105 17
635 172 1
635 191 89
635 209 92
635 426 9
635 603 62
635 718 48
635 765 33
635 826 41
635 927 0
637 96 36
637 369 90
638 795 66
638 945 78
639 89 80
639 266 27
639 712 10
639 861 55
640 571 20
640 601 62
641 94 71
641 236 18
641 750 22
642 183 0
642 896 60
642 953 99
643 191 10
644 310 36
644 571 86
644 818 11
645 285 47
645 642 77
646 342 16
647 697 57
647 968 61
648 260 96
648 281 18
648 446 85
648 622 13
648 706 21
649 105 16
649 768 3
650 120 0
650 128 15
650 268 41
650 653 81
651 321 0
651 838 37
652 818 60
653 422 100
653 947 24
654 2 74
654 107 8
654 981 83
655 45 20
655 590 40
655 942 8
656 322 0
656 415 20
656 903 29
657 481 91
658 787 96
659 741 78
659 814 19
659 833 24
660 797 99
661 592 44
661 841 51
662 645 41
662 762 38
662 839 10
663 601 56
663 618 55
663 687 63
664 312 36
665 208 21
666 73 80
666 299 10
667 20 60
667 704 85
668 280 0
668 957 47
668 998 91
670 164 70
670 271 23
670 391 106
670 590 32
671 591 47
671 935 59
672 790 0
672 835 53
673 79 88
673 207 28
674 687 64
674 690 46
675 836 37
676 743 21
677 142 7
677 177 40
677 278 23
677 381 40
677 666 98
677 724 33
678 39 0
678 421 24
679 159 59
679 439 4
679 835 52
680 347 22
680 938 99
681 65 55
681 911 71
681 951 25
682 162 21
682 742 69
682 790 26
683 123 4
683 293 57
684 699 92
684 758 64
684 792 51
685 779 13
686 170 58
686 736 20
687 185 34
687 348 43
690 201 75
690 363 30
690 369 44
691 294 26
691 750 68
691 978 5
692 560 95
692 687 46
693 57 1
693 141 71
693 322 19
693 624 10
695 662 69
695 679 47
696 368 3
696 381 66
696 721 96
696 762 68
696 842 8
697 340 62
697 397 0
698 14 59
698 36 72
698 145 63
698 881 87
699 58 0
699 203 90
699 348 70
699 865 0
700 116 32
700 300 6
700 948 58
701 237 39
701 238 76
701 323 13
701 508 3
701 862 57
704 611 37
704 874 97
705 258 51
705 659 95
705 690 96
706 361 38
706 444 83
707 355 71
708 515 81
709 725 22
710 66 3
710 684 32
710 885 45
710 998 84
711 192 78
711 567 30
711 989 9
712 270 88
712 808 41
712 957 0
713 702 58
713 962 49
714 157 97
714 276 55
715 189 90
716 111 80
716 158 24
716 176 32
717 172 105
717 305 29
717 575 67
717 826 57
718 72 62
718 340 72
719 69 26
719 200 58
720 69 70
721 82 15
721 598 63
722 107 9
722 780 89
722 885 97
723 371 9
723 536 0
723 645 34
724 518 10
724 581 0
726 111 34
726 164 65
727 234 2
727 315 60
727 465 71
727 477 100
727 605 46
728 47 43
728 777 85
728 932 31
729 77 25
730 443 32
730 916 81
731 206 29
732 150 0
732 434 98
732 880 64
733 56 73
733 429 0
734 691 83
735 62 81
735 232 24
735 649 18
735 924 25
736 125 4
736 808 13
736 984 46
737 79 38
737 463 2
737 940 60
738 425 38
738 666 26
739 0 83
739 182 38
739 226 46
739 687 9
739 949 85
740 378 88
742 711 68
742 934 37
743 381 48
743 956 13
744 48 66
744 231 0
745 763 13
745 967 72
746 539 10
747 182 0
747 292 54
747 927 61
748 177 80
748 349 